0.05 0.1 23464.0
0.05 0.2 23591.0
0.05 0.3 23524.5
0.05 0.4 23643.0
0.05 0.5 23451.5
0.05 0.6 23709.0
0.05 0.7 23870.0
0.05 0.8 23626.0
0.05 0.9 23745.0
0.05 1 24008.5
0.1 0.1 23105.0
0.1 0.2 23468.5
0.1 0.3 23330.5
0.1 0.4 23369.0
0.1 0.5 23273.5
0.1 0.6 23539.0
0.1 0.7 23611.5
0.1 0.8 23465.0
0.1 0.9 23691.5
0.1 1 24008.5
0.15 0.1 22746.0
0.15 0.2 22718.5
0.15 0.3 22975.5
0.15 0.4 23023.5
0.15 0.5 23104.5
0.15 0.6 23146.0
0.15 0.7 23160.5
0.15 0.8 23186.5
0.15 0.9 23253.0
0.15 1 24008.5
0.2 0.1 22440.0
0.2 0.2 22378.5
0.2 0.3 22498.0
0.2 0.4 22635.5
0.2 0.5 22548.5
0.2 0.6 22719.5
0.2 0.7 22758.5
0.2 0.8 22635.5
0.2 0.9 22674.0
0.2 1 24008.5
